0	5.58794e-17
0.005	2.79397e-17
0.01	1.23284e-16
0.015	6.64091e-17
0.02	-8.03266e-18
0.025	1.3363e-16
0.03	8.78354e-17
0.035	9.87493e-17
0.04	8.2422e-17
0.045	2.41853e-17
0.05	8.55653e-18
0.055	6.65488e-17
0.06	6.08736e-17
0.065	2.47965e-18
0.07	6.2969e-17
0.075	1.28261e-16
0.08	1.81887e-16
0.085	1.22533e-16
0.09	-6.09434e-17
0.095	4.70085e-17
0.1	1.9907e-17
0.105	-1.2524e-16
0.11	1.50839e-16
0.115	9.4698e-17
0.12	1.02259e-16
0.125	4.62751e-17
0.13	8.98959e-17
0.135	1.02067e-16
0.14	-8.05361e-17
0.145	3.09607e-17
0.15	3.66708e-17
0.155	9.48377e-17
0.16	7.16653e-17
0.165	1.47382e-17
0.17	1.31177e-16
0.175	-2.13913e-16
0.18	6.57979e-17
0.185	1.03132e-16
0.19	3.77535e-17
0.195	4.83531e-17
0.2	-5.93718e-18
0.205	-2.40063e-17
0.21	-4.86936e-17
0.215	5.78701e-17
0.22	-6.57325e-17
0.225	-4.49272e-17
0.23	8.28652e-17
0.235	-7.56969e-17
0.24	-4.27215e-17
0.245	-6.92871e-17
0.25	-3.76531e-17
0.255	-1.05715e-16
0.26	7.98333e-17
0.265	5.36311e-17
0.27	6.05243e-17
0.275	4.97294e-17
0.28	-4.89643e-17
0.285	-1.36122e-16
0.29	-1.12878e-16
0.295	-7.67937e-17
0.3	-4.32192e-18
0.305	-3.67691e-18
0.31	2.9747e-17
0.315	-2.4564e-17
0.32	-6.86181e-17
0.325	-1.15371e-16
0.33	1.08506e-17
0.335	4.6179e-17
0.34	-9.49818e-17
0.345	-1.55655e-16
0.35	-6.51562e-17
0.355	-2.40543e-18
0.36	-1.06328e-16
0.365	-1.02551e-16
0.37	-8.0523e-18
0.375	-1.61499e-16
0.38	3.83865e-17
0.385	9.36285e-17
0.39	4.03117e-17
0.395	5.63836e-17
0.4	5.326e-17
0.405	-1.07164e-16
0.41	8.12433e-17
0.415	-2.87058e-17
0.42	2.37051e-17
0.425	-1.44206e-16
0.43	-5.18106e-17
0.435	-1.06856e-16
0.44	1.39698e-19
0.445	7.77422e-17
0.45	1.47556e-17
0.455	9.40825e-17
0.46	-2.65427e-17
0.465	-4.11237e-17
0.47	-3.2637e-17
0.475	-4.88508e-17
0.48	-1.00967e-16
0.485	-9.44667e-17
0.49	-1.28287e-16
0.495	-3.41781e-17
0.5	-1.44064e-17
0.505	1.78989e-19
0.51	-2.58267e-17
0.515	4.98811e-17
0.52	6.32135e-17
0.525	-3.82861e-17
0.53	-1.048e-16
0.535	2.01166e-17
0.54	1.28523e-16
0.545	-7.45116e-17
0.55	1.53668e-17
0.555	-3.88536e-19
0.56	-3.92552e-17
0.565	2.17144e-17
0.57	-1.12806e-17
0.575	-3.05154e-17
0.58	-1.06485e-16
0.585	1.02268e-16
0.59	6.66099e-17
0.595	3.0105e-17
0.6	-7.96281e-17
0.605	-3.86615e-17
0.61	-6.48724e-18
0.615	3.79499e-17
0.62	-2.40805e-17
0.625	-2.40107e-18
0.63	2.8158e-17
0.635	7.29924e-18
0.64	5.87082e-17
0.645	-2.6272e-17
0.65	3.17814e-17
0.655	2.01515e-17
0.66	1.28977e-16
0.665	-2.01864e-17
0.67	-7.62928e-17
0.675	4.31755e-17
0.68	1.39698e-17
0.685	2.51719e-17
0.69	8.59145e-18
0.695	3.11353e-17
0.7	-1.9907e-17
0.705	6.75005e-17
0.71	2.49362e-17
0.715	-1.26907e-16
0.72	-1.80211e-17
0.725	-8.42992e-17
0.73	-4.76371e-17
0.735	3.44618e-17
0.74	1.70083e-17
0.745	6.53963e-17
0.75	1.18744e-16
0.755	-6.55709e-18
0.76	-2.76603e-17
0.765	3.29164e-18
0.77	-7.01984e-17
0.775	5.54865e-17
0.78	1.68686e-16
0.785	-1.35717e-16
0.79	-9.92033e-17
0.795	-1.76055e-16
0.8	-3.64264e-16
0.805	-8.9634e-16
0.81	-1.97755e-15
0.815	-4.39393e-15
0.82	-9.36947e-15
0.825	-1.99884e-14
0.83	-4.21784e-14
0.835	-8.81294e-14
0.84	-1.82779e-13
0.845	-3.75392e-13
0.85	-7.62097e-13
0.855	-1.53052e-12
0.86	-3.04095e-12
0.865	-5.97898e-12
0.87	-1.16744e-11
0.875	-2.25456e-11
0.88	-4.30669e-11
0.885	-8.13802e-11
0.89	-1.52131e-10
0.895	-2.81412e-10
0.9	-5.16635e-10
0.905	-9.38116e-10
0.91	-1.68496e-09
0.915	-2.99368e-09
0.92	-5.26168e-09
0.925	-9.14972e-09
0.93	-1.57802e-08
0.935	-2.69164e-08
0.94	-4.54087e-08
0.945	-7.57678e-08
0.95	-1.25042e-07
0.955	-2.04114e-07
0.96	-3.30186e-07
0.965	-5.28122e-07
0.97	-8.35194e-07
0.975	-1.30586e-06
0.98	-2.01853e-06
0.985	-3.08437e-06
0.99	-4.66517e-06
0.995	-6.9719e-06
1	-1.02932e-05
1.005	-1.50097e-05
1.01	-2.16127e-05
1.015	-3.07203e-05
1.02	-4.31266e-05
1.025	-5.97007e-05
1.03	-8.14446e-05
1.035	-0.000109411
1.04	-0.00014459
1.045	-0.000187732
1.05	-0.000239128
1.055	-0.000297953
1.06	-0.000361912
1.065	-0.000426374
1.07	-0.000483337
1.075	-0.0005201
1.08	-0.000517034
1.085	-0.000446709
1.09	-0.000270862
1.095	6.2093e-05
1.1	0.000619925
1.105	0.00148963
1.11	0.00278549
1.115	0.00464021
1.12	0.0072167
1.125	0.010708
1.13	0.015338
1.135	0.0213618
1.14	0.0290816
1.145	0.0387979
1.15	0.050843
1.155	0.0655652
1.16	0.0833192
1.165	0.104456
1.17	0.129347
1.175	0.158272
1.18	0.191496
1.185	0.229228
1.19	0.271617
1.195	0.31873
1.2	0.370591
1.205	0.427053
1.21	0.487909
1.215	0.552861
1.22	0.621522
1.225	0.693424
1.23	0.768045
1.235	0.844761
1.24	0.922927
1.245	1.00188
1.25	1.08094
1.255	1.15945
1.26	1.23674
1.265	1.31222
1.27	1.38535
1.275	1.45562
1.28	1.52264
1.285	1.58604
1.29	1.64553
1.295	1.70094
1.3	1.75215
1.305	1.79909
1.31	1.84177
1.315	1.88025
1.32	1.9146
1.325	1.94497
1.33	1.97155
1.335	1.99451
1.34	2.01407
1.345	2.03044
1.35	2.04381
1.355	2.05441
1.36	2.06248
1.365	2.06821
1.37	2.0718
1.375	2.07344
1.38	2.07329
1.385	2.07153
1.39	2.06831
1.395	2.06378
1.4	2.05806
1.405	2.05128
1.41	2.04353
1.415	2.03492
1.42	2.02554
1.425	2.01549
1.43	2.00482
1.435	1.9936
1.44	1.98191
1.445	1.96978
1.45	1.95729
1.455	1.94446
1.46	1.93134
1.465	1.91797
1.47	1.90438
1.475	1.89061
1.48	1.87667
1.485	1.8626
1.49	1.84841
1.495	1.83413
1.5	1.81977
1.505	1.80536
1.51	1.7909
1.515	1.77641
1.52	1.7619
1.525	1.74739
1.53	1.73287
1.535	1.71837
1.54	1.70388
1.545	1.68942
1.55	1.675
1.555	1.66061
1.56	1.64626
1.565	1.63196
1.57	1.61771
1.575	1.60352
1.58	1.58938
1.585	1.5753
1.59	1.56129
1.595	1.54735
1.6	1.53347
1.605	1.51966
1.61	1.50593
1.615	1.49226
1.62	1.47867
1.625	1.46516
1.63	1.45172
1.635	1.43836
1.64	1.42507
1.645	1.41186
1.65	1.39873
1.655	1.38568
1.66	1.37271
1.665	1.35981
1.67	1.347
1.675	1.33426
1.68	1.3216
1.685	1.30902
1.69	1.29653
1.695	1.28411
1.7	1.27176
1.705	1.2595
1.71	1.24732
1.715	1.23521
1.72	1.22318
1.725	1.21123
1.73	1.19936
1.735	1.18756
1.74	1.17584
1.745	1.1642
1.75	1.15263
1.755	1.14114
1.76	1.12973
1.765	1.11839
1.77	1.10712
1.775	1.09593
1.78	1.08482
1.785	1.07377
1.79	1.0628
1.795	1.05191
1.8	1.04108
1.805	1.03033
1.81	1.01965
1.815	1.00904
1.82	0.998504
1.825	0.988037
1.83	0.97764
1.835	0.967313
1.84	0.957056
1.845	0.946867
1.85	0.936748
1.855	0.926696
1.86	0.916712
1.865	0.906797
1.87	0.896948
1.875	0.887166
1.88	0.87745
1.885	0.8678
1.89	0.858216
1.895	0.848697
1.9	0.839243
1.905	0.829854
1.91	0.820528
1.915	0.811266
1.92	0.802068
1.925	0.792933
1.93	0.78386
1.935	0.77485
1.94	0.765901
1.945	0.757014
1.95	0.748188
1.955	0.739423
1.96	0.730718
1.965	0.722074
1.97	0.713489
1.975	0.704963
1.98	0.696497
1.985	0.688089
1.99	0.67974
1.995	0.671449
2	0.663215
2.005	0.655038
2.01	0.646919
2.015	0.638856
2.02	0.63085
2.025	0.622899
2.03	0.615004
2.035	0.607165
2.04	0.59938
2.045	0.59165
2.05	0.583975
2.055	0.576353
2.06	0.568785
2.065	0.56127
2.07	0.553809
2.075	0.5464
2.08	0.539044
2.085	0.53174
2.09	0.524487
2.095	0.517286
2.1	0.510136
2.105	0.503037
2.11	0.495989
2.115	0.488991
2.12	0.482042
2.125	0.475144
2.13	0.468295
2.135	0.461495
2.14	0.454743
2.145	0.44804
2.15	0.441386
2.155	0.434779
2.16	0.42822
2.165	0.421708
2.17	0.415243
2.175	0.408825
2.18	0.402454
2.185	0.396128
2.19	0.389849
2.195	0.383615
2.2	0.377427
2.205	0.371283
2.21	0.365185
2.215	0.359131
2.22	0.353121
2.225	0.347155
2.23	0.341233
2.235	0.335355
2.24	0.32952
2.245	0.323727
2.25	0.317978
2.255	0.312271
2.26	0.306606
2.265	0.300983
2.27	0.295401
2.275	0.289861
2.28	0.284362
2.285	0.278905
2.29	0.273487
2.295	0.268111
2.3	0.262774
2.305	0.257477
2.31	0.25222
2.315	0.247003
2.32	0.241824
2.325	0.236685
2.33	0.231584
2.335	0.226522
2.34	0.221498
2.345	0.216512
2.35	0.211564
2.355	0.206653
2.36	0.20178
2.365	0.196944
2.37	0.192144
2.375	0.187382
2.38	0.182655
2.385	0.177965
2.39	0.173311
2.395	0.168693
2.4	0.16411
2.405	0.159562
2.41	0.15505
2.415	0.150572
2.42	0.146129
2.425	0.141721
2.43	0.137346
2.435	0.133006
2.44	0.1287
2.445	0.124427
2.45	0.120188
2.455	0.115981
2.46	0.111808
2.465	0.107668
2.47	0.10356
2.475	0.0994844
2.48	0.095441
2.485	0.0914295
2.49	0.0874498
2.495	0.0835019
2.5	0.0795853
2.505	0.0756998
2.51	0.0718453
2.515	0.0680215
2.52	0.0642283
2.525	0.0604658
2.53	0.0567334
2.535	0.0530309
2.54	0.0493583
2.545	0.0457153
2.55	0.0421018
2.555	0.0385177
2.56	0.0349627
2.565	0.0314366
2.57	0.0279392
2.575	0.0244703
2.58	0.0210298
2.585	0.0176176
2.59	0.0142334
2.595	0.0108771
2.6	0.00754832
2.605	0.00424704
2.61	0.000973089
2.615	-0.00227354
2.62	-0.00549324
2.625	-0.00868616
2.63	-0.0118525
2.635	-0.0149924
2.64	-0.018106
2.645	-0.0211933
2.65	-0.0242546
2.655	-0.0272902
2.66	-0.0303002
2.665	-0.0332847
2.67	-0.0362439
2.675	-0.0391778
2.68	-0.0420868
2.685	-0.0449709
2.69	-0.0478304
2.695	-0.0506654
2.7	-0.0534761
2.705	-0.0562624
2.71	-0.0590246
2.715	-0.061763
2.72	-0.0644777
2.725	-0.0671688
2.73	-0.0698365
2.735	-0.0724808
2.74	-0.0751019
2.745	-0.0777
2.75	-0.0802754
2.755	-0.0828281
2.76	-0.0853582
2.765	-0.0878658
2.77	-0.0903511
2.775	-0.0928143
2.78	-0.0952556
2.785	-0.0976751
2.79	-0.100073
2.795	-0.102449
2.8	-0.104804
2.805	-0.107137
2.81	-0.109449
2.815	-0.111741
2.82	-0.114011
2.825	-0.116261
2.83	-0.11849
2.835	-0.120699
2.84	-0.122887
2.845	-0.125055
2.85	-0.127203
2.855	-0.129331
2.86	-0.13144
2.865	-0.133528
2.87	-0.135597
2.875	-0.137647
2.88	-0.139678
2.885	-0.141689
2.89	-0.143681
2.895	-0.145654
2.9	-0.147608
2.905	-0.149544
2.91	-0.151462
2.915	-0.15336
2.92	-0.155241
2.925	-0.157103
2.93	-0.158947
2.935	-0.160774
2.94	-0.162582
2.945	-0.164373
2.95	-0.166146
2.955	-0.167902
2.96	-0.16964
2.965	-0.171361
2.97	-0.173065
2.975	-0.174752
2.98	-0.176422
2.985	-0.178076
2.99	-0.179712
2.995	-0.181332
3	-0.182936
3.005	-0.184523
3.01	-0.186094
3.015	-0.187649
3.02	-0.189188
3.025	-0.190711
3.03	-0.192218
3.035	-0.19371
3.04	-0.195186
3.045	-0.196646
3.05	-0.198091
3.055	-0.199521
3.06	-0.200935
3.065	-0.202335
3.07	-0.203719
3.075	-0.205089
3.08	-0.206444
3.085	-0.207784
3.09	-0.20911
3.095	-0.210421
3.1	-0.211717
3.105	-0.213
3.11	-0.214268
3.115	-0.215522
3.12	-0.216763
3.125	-0.217989
3.13	-0.219202
3.135	-0.220401
3.14	-0.221586
3.145	-0.222758
3.15	-0.223916
3.155	-0.225061
3.16	-0.226193
3.165	-0.227311
3.17	-0.228417
3.175	-0.229509
3.18	-0.230589
3.185	-0.231656
3.19	-0.23271
3.195	-0.233752
3.2	-0.234781
3.205	-0.235798
3.21	-0.236802
3.215	-0.237794
3.22	-0.238774
3.225	-0.239742
3.23	-0.240697
3.235	-0.241641
3.24	-0.242573
3.245	-0.243493
3.25	-0.244402
3.255	-0.245299
3.26	-0.246184
3.265	-0.247058
3.27	-0.247921
3.275	-0.248772
3.28	-0.249613
3.285	-0.250442
3.29	-0.25126
3.295	-0.252067
3.3	-0.252863
3.305	-0.253648
3.31	-0.254423
3.315	-0.255187
3.32	-0.25594
3.325	-0.256683
3.33	-0.257416
3.335	-0.258138
3.34	-0.25885
3.345	-0.259551
3.35	-0.260243
3.355	-0.260925
3.36	-0.261596
3.365	-0.262258
3.37	-0.262909
3.375	-0.263551
3.38	-0.264184
3.385	-0.264806
3.39	-0.265419
3.395	-0.266023
3.4	-0.266617
3.405	-0.267202
3.41	-0.267777
3.415	-0.268344
3.42	-0.268901
3.425	-0.269449
3.43	-0.269988
3.435	-0.270518
3.44	-0.271039
3.445	-0.271551
3.45	-0.272055
3.455	-0.27255
3.46	-0.273036
3.465	-0.273514
3.47	-0.273983
3.475	-0.274444
3.48	-0.274896
3.485	-0.27534
3.49	-0.275776
3.495	-0.276204
3.5	-0.276623
3.505	-0.277035
3.51	-0.277438
3.515	-0.277834
3.52	-0.278221
3.525	-0.278601
3.53	-0.278973
3.535	-0.279337
3.54	-0.279694
3.545	-0.280043
3.55	-0.280384
3.555	-0.280718
3.56	-0.281044
3.565	-0.281364
3.57	-0.281675
3.575	-0.28198
3.58	-0.282277
3.585	-0.282568
3.59	-0.282851
3.595	-0.283127
3.6	-0.283396
3.605	-0.283658
3.61	-0.283913
3.615	-0.284162
3.62	-0.284403
3.625	-0.284638
3.63	-0.284866
3.635	-0.285088
3.64	-0.285303
3.645	-0.285511
3.65	-0.285714
3.655	-0.285909
3.66	-0.286098
3.665	-0.286281
3.67	-0.286458
3.675	-0.286629
3.68	-0.286793
3.685	-0.286951
3.69	-0.287103
3.695	-0.287249
3.7	-0.287389
3.705	-0.287523
3.71	-0.287652
3.715	-0.287774
3.72	-0.287891
3.725	-0.288002
3.73	-0.288107
3.735	-0.288206
3.74	-0.2883
3.745	-0.288389
3.75	-0.288471
3.755	-0.288549
3.76	-0.288621
3.765	-0.288687
3.77	-0.288748
3.775	-0.288804
3.78	-0.288855
3.785	-0.2889
3.79	-0.288941
3.795	-0.288976
3.8	-0.289006
3.805	-0.289031
3.81	-0.289051
3.815	-0.289066
3.82	-0.289076
3.825	-0.289081
3.83	-0.289081
3.835	-0.289077
3.84	-0.289068
3.845	-0.289054
3.85	-0.289035
3.855	-0.289012
3.86	-0.288984
3.865	-0.288952
3.87	-0.288915
3.875	-0.288874
3.88	-0.288828
3.885	-0.288777
3.89	-0.288723
3.895	-0.288664
3.9	-0.2886
3.905	-0.288533
3.91	-0.288461
3.915	-0.288385
3.92	-0.288305
3.925	-0.288221
3.93	-0.288132
3.935	-0.28804
3.94	-0.287944
3.945	-0.287843
3.95	-0.287739
3.955	-0.287631
3.96	-0.287519
3.965	-0.287403
3.97	-0.287283
3.975	-0.287159
3.98	-0.287032
3.985	-0.286901
3.99	-0.286766
3.995	-0.286628
4	-0.286486
4.005	-0.286341
4.01	-0.286192
4.015	-0.286039
4.02	-0.285883
4.025	-0.285724
4.03	-0.285561
4.035	-0.285394
4.04	-0.285225
4.045	-0.285052
4.05	-0.284875
4.055	-0.284696
4.06	-0.284513
4.065	-0.284327
4.07	-0.284138
4.075	-0.283946
4.08	-0.28375
4.085	-0.283552
4.09	-0.28335
4.095	-0.283146
4.1	-0.282938
4.105	-0.282728
4.11	-0.282514
4.115	-0.282298
4.12	-0.282078
4.125	-0.281856
4.13	-0.281631
4.135	-0.281403
4.14	-0.281173
4.145	-0.280939
4.15	-0.280703
4.155	-0.280465
4.16	-0.280223
4.165	-0.279979
4.17	-0.279732
4.175	-0.279483
4.18	-0.279231
4.185	-0.278977
4.19	-0.27872
4.195	-0.27846
4.2	-0.278198
4.205	-0.277934
4.21	-0.277667
4.215	-0.277398
4.22	-0.277126
4.225	-0.276853
4.23	-0.276576
4.235	-0.276298
4.24	-0.276017
4.245	-0.275734
4.25	-0.275449
4.255	-0.275161
4.26	-0.274872
4.265	-0.27458
4.27	-0.274286
4.275	-0.27399
4.28	-0.273692
4.285	-0.273392
4.29	-0.273089
4.295	-0.272785
4.3	-0.272479
4.305	-0.272171
4.31	-0.27186
4.315	-0.271548
4.32	-0.271234
4.325	-0.270918
4.33	-0.2706
4.335	-0.270281
4.34	-0.269959
4.345	-0.269636
4.35	-0.269311
4.355	-0.268984
4.36	-0.268655
4.365	-0.268325
4.37	-0.267992
4.375	-0.267659
4.38	-0.267323
4.385	-0.266986
4.39	-0.266647
4.395	-0.266307
4.4	-0.265965
4.405	-0.265621
4.41	-0.265276
4.415	-0.26493
4.42	-0.264582
4.425	-0.264232
4.43	-0.263881
4.435	-0.263528
4.44	-0.263174
4.445	-0.262819
4.45	-0.262462
4.455	-0.262103
4.46	-0.261744
4.465	-0.261383
4.47	-0.26102
4.475	-0.260657
4.48	-0.260292
4.485	-0.259925
4.49	-0.259558
4.495	-0.259189
4.5	-0.258819
4.505	-0.258448
4.51	-0.258075
4.515	-0.257701
4.52	-0.257327
4.525	-0.256951
4.53	-0.256573
4.535	-0.256195
4.54	-0.255816
4.545	-0.255435
4.55	-0.255054
4.555	-0.254671
4.56	-0.254287
4.565	-0.253902
4.57	-0.253517
4.575	-0.25313
4.58	-0.252742
4.585	-0.252353
4.59	-0.251964
4.595	-0.251573
4.6	-0.251181
4.605	-0.250789
4.61	-0.250395
4.615	-0.250001
4.62	-0.249606
4.625	-0.24921
4.63	-0.248813
4.635	-0.248415
4.64	-0.248017
4.645	-0.247617
4.65	-0.247217
4.655	-0.246816
4.66	-0.246415
4.665	-0.246012
4.67	-0.245609
4.675	-0.245205
4.68	-0.2448
4.685	-0.244395
4.69	-0.243989
4.695	-0.243582
4.7	-0.243175
4.705	-0.242767
4.71	-0.242358
4.715	-0.241949
4.72	-0.241539
4.725	-0.241128
4.73	-0.240717
4.735	-0.240305
4.74	-0.239893
4.745	-0.23948
4.75	-0.239067
4.755	-0.238653
4.76	-0.238238
4.765	-0.237823
4.77	-0.237408
4.775	-0.236992
4.78	-0.236575
4.785	-0.236158
4.79	-0.235741
4.795	-0.235323
4.8	-0.234905
4.805	-0.234486
4.81	-0.234067
4.815	-0.233648
4.82	-0.233228
4.825	-0.232807
4.83	-0.232387
4.835	-0.231966
4.84	-0.231544
4.845	-0.231122
4.85	-0.2307
4.855	-0.230278
4.86	-0.229855
4.865	-0.229432
4.87	-0.229009
4.875	-0.228585
4.88	-0.228161
4.885	-0.227737
4.89	-0.227313
4.895	-0.226888
4.9	-0.226463
4.905	-0.226038
4.91	-0.225612
4.915	-0.225187
4.92	-0.224761
4.925	-0.224335
4.93	-0.223909
4.935	-0.223482
4.94	-0.223056
4.945	-0.222629
4.95	-0.222202
4.955	-0.221775
4.96	-0.221348
4.965	-0.220921
4.97	-0.220494
4.975	-0.220066
4.98	-0.219638
4.985	-0.219211
4.99	-0.218783
4.995	-0.218355
5	-0.217927
5.005	-0.217499
5.01	-0.217071
5.015	-0.216643
5.02	-0.216215
5.025	-0.215787
5.03	-0.215358
5.035	-0.21493
5.04	-0.214502
5.045	-0.214073
5.05	-0.213645
5.055	-0.213217
5.06	-0.212789
5.065	-0.21236
5.07	-0.211932
5.075	-0.211504
5.08	-0.211076
5.085	-0.210648
5.09	-0.21022
5.095	-0.209792
5.1	-0.209364
5.105	-0.208936
5.11	-0.208509
5.115	-0.208081
5.12	-0.207653
5.125	-0.207226
5.13	-0.206799
5.135	-0.206371
5.14	-0.205944
5.145	-0.205517
5.15	-0.205091
5.155	-0.204664
5.16	-0.204237
5.165	-0.203811
5.17	-0.203385
5.175	-0.202959
5.18	-0.202533
5.185	-0.202107
5.19	-0.201681
5.195	-0.201256
5.2	-0.200831
5.205	-0.200406
5.21	-0.199981
5.215	-0.199556
5.22	-0.199132
5.225	-0.198708
5.23	-0.198284
5.235	-0.19786
5.24	-0.197437
5.245	-0.197014
5.25	-0.196591
5.255	-0.196168
5.26	-0.195745
5.265	-0.195323
5.27	-0.194901
5.275	-0.194479
5.28	-0.194058
5.285	-0.193637
5.29	-0.193216
5.295	-0.192795
5.3	-0.192375
5.305	-0.191955
5.31	-0.191535
5.315	-0.191116
5.32	-0.190697
5.325	-0.190278
5.33	-0.189859
5.335	-0.189441
5.34	-0.189024
5.345	-0.188606
5.35	-0.188189
5.355	-0.187772
5.36	-0.187356
5.365	-0.186939
5.37	-0.186524
5.375	-0.186108
5.38	-0.185693
5.385	-0.185278
5.39	-0.184864
5.395	-0.18445
5.4	-0.184037
5.405	-0.183623
5.41	-0.183211
5.415	-0.182798
5.42	-0.182386
5.425	-0.181974
5.43	-0.181563
5.435	-0.181152
5.44	-0.180742
5.445	-0.180332
5.45	-0.179922
5.455	-0.179513
5.46	-0.179104
5.465	-0.178696
5.47	-0.178288
5.475	-0.17788
5.48	-0.177473
5.485	-0.177066
5.49	-0.17666
5.495	-0.176254
5.5	-0.175849
5.505	-0.175444
5.51	-0.175039
5.515	-0.174635
5.52	-0.174232
5.525	-0.173829
5.53	-0.173426
5.535	-0.173024
5.54	-0.172622
5.545	-0.172221
5.55	-0.17182
5.555	-0.17142
5.56	-0.17102
5.565	-0.170621
5.57	-0.170222
5.575	-0.169823
5.58	-0.169425
5.585	-0.169028
5.59	-0.168631
5.595	-0.168235
5.6	-0.167839
5.605	-0.167443
5.61	-0.167048
5.615	-0.166654
5.62	-0.16626
5.625	-0.165867
5.63	-0.165474
5.635	-0.165081
5.64	-0.16469
5.645	-0.164298
5.65	-0.163907
5.655	-0.163517
5.66	-0.163127
5.665	-0.162738
5.67	-0.162349
5.675	-0.161961
5.68	-0.161574
5.685	-0.161186
5.69	-0.1608
5.695	-0.160414
5.7	-0.160028
5.705	-0.159643
5.71	-0.159259
5.715	-0.158875
5.72	-0.158492
5.725	-0.158109
5.73	-0.157727
5.735	-0.157345
5.74	-0.156964
5.745	-0.156583
5.75	-0.156204
5.755	-0.155824
5.76	-0.155445
5.765	-0.155067
5.77	-0.154689
5.775	-0.154312
5.78	-0.153935
5.785	-0.153559
5.79	-0.153184
5.795	-0.152809
5.8	-0.152435
5.805	-0.152061
5.81	-0.151688
5.815	-0.151315
5.82	-0.150943
5.825	-0.150572
5.83	-0.150201
5.835	-0.149831
5.84	-0.149461
5.845	-0.149092
5.85	-0.148724
5.855	-0.148356
5.86	-0.147988
5.865	-0.147622
5.87	-0.147256
5.875	-0.14689
5.88	-0.146525
5.885	-0.146161
5.89	-0.145797
5.895	-0.145434
5.9	-0.145071
5.905	-0.144709
5.91	-0.144348
5.915	-0.143987
5.92	-0.143627
5.925	-0.143268
5.93	-0.142909
5.935	-0.142551
5.94	-0.142193
5.945	-0.141836
5.95	-0.141479
5.955	-0.141123
5.96	-0.140768
5.965	-0.140413
5.97	-0.140059
5.975	-0.139706
5.98	-0.139353
5.985	-0.139001
5.99	-0.138649
5.995	-0.138298
6	-0.137948
6.005	-0.137598
6.01	-0.137249
6.015	-0.136901
6.02	-0.136553
6.025	-0.136206
6.03	-0.135859
6.035	-0.135513
6.04	-0.135168
6.045	-0.134823
6.05	-0.134479
6.055	-0.134135
6.06	-0.133792
6.065	-0.13345
6.07	-0.133108
6.075	-0.132767
6.08	-0.132427
6.085	-0.132087
6.09	-0.131748
6.095	-0.13141
6.1	-0.131072
6.105	-0.130735
6.11	-0.130398
6.115	-0.130062
6.12	-0.129727
6.125	-0.129392
6.13	-0.129058
6.135	-0.128724
6.14	-0.128391
6.145	-0.128059
6.15	-0.127728
6.155	-0.127397
6.16	-0.127066
6.165	-0.126737
6.17	-0.126408
6.175	-0.126079
6.18	-0.125751
6.185	-0.125424
6.19	-0.125098
6.195	-0.124772
6.2	-0.124447
6.205	-0.124122
6.21	-0.123798
6.215	-0.123475
6.22	-0.123152
6.225	-0.12283
6.23	-0.122508
6.235	-0.122188
6.24	-0.121867
6.245	-0.121548
6.25	-0.121229
6.255	-0.120911
6.26	-0.120593
6.265	-0.120276
6.27	-0.11996
6.275	-0.119644
6.28	-0.119329
6.285	-0.119014
6.29	-0.118701
6.295	-0.118387
6.3	-0.118075
6.305	-0.117763
6.31	-0.117452
6.315	-0.117141
6.32	-0.116831
6.325	-0.116521
6.33	-0.116213
6.335	-0.115905
6.34	-0.115597
6.345	-0.11529
6.35	-0.114984
6.355	-0.114678
6.36	-0.114373
6.365	-0.114069
6.37	-0.113765
6.375	-0.113462
6.38	-0.11316
6.385	-0.112858
6.39	-0.112557
6.395	-0.112256
6.4	-0.111957
6.405	-0.111657
6.41	-0.111359
6.415	-0.111061
6.42	-0.110763
6.425	-0.110466
6.43	-0.11017
6.435	-0.109875
6.44	-0.10958
6.445	-0.109286
6.45	-0.108992
6.455	-0.108699
6.46	-0.108407
6.465	-0.108115
6.47	-0.107824
6.475	-0.107533
6.48	-0.107244
6.485	-0.106954
6.49	-0.106666
6.495	-0.106378
6.5	-0.10609
6.505	-0.105804
6.51	-0.105518
6.515	-0.105232
6.52	-0.104947
6.525	-0.104663
6.53	-0.104379
6.535	-0.104096
6.54	-0.103814
6.545	-0.103532
6.55	-0.103251
6.555	-0.102971
6.56	-0.102691
6.565	-0.102411
6.57	-0.102133
6.575	-0.101855
6.58	-0.101577
6.585	-0.1013
6.59	-0.101024
6.595	-0.100749
6.6	-0.100474
6.605	-0.100199
6.61	-0.0999256
6.615	-0.0996525
6.62	-0.09938
6.625	-0.0991081
6.63	-0.0988368
6.635	-0.0985661
6.64	-0.098296
6.645	-0.0980266
6.65	-0.0977577
6.655	-0.0974895
6.66	-0.0972218
6.665	-0.0969548
6.67	-0.0966884
6.675	-0.0964226
6.68	-0.0961574
6.685	-0.0958928
6.69	-0.0956288
6.695	-0.0953654
6.7	-0.0951026
6.705	-0.0948404
6.71	-0.0945788
6.715	-0.0943179
6.72	-0.0940575
6.725	-0.0937977
6.73	-0.0935385
6.735	-0.0932799
6.74	-0.0930219
6.745	-0.0927645
6.75	-0.0925077
6.755	-0.0922515
6.76	-0.0919959
6.765	-0.0917409
6.77	-0.0914865
6.775	-0.0912327
6.78	-0.0909794
6.785	-0.0907268
6.79	-0.0904747
6.795	-0.0902233
6.8	-0.0899724
6.805	-0.0897221
6.81	-0.0894724
6.815	-0.0892233
6.82	-0.0889748
6.825	-0.0887269
6.83	-0.0884795
6.835	-0.0882328
6.84	-0.0879866
6.845	-0.087741
6.85	-0.087496
6.855	-0.0872515
6.86	-0.0870077
6.865	-0.0867644
6.87	-0.0865217
6.875	-0.0862796
6.88	-0.086038
6.885	-0.0857971
6.89	-0.0855567
6.895	-0.0853169
6.9	-0.0850776
6.905	-0.084839
6.91	-0.0846009
6.915	-0.0843633
6.92	-0.0841264
6.925	-0.08389
6.93	-0.0836542
6.935	-0.0834189
6.94	-0.0831843
6.945	-0.0829502
6.95	-0.0827166
6.955	-0.0824836
6.96	-0.0822512
6.965	-0.0820194
6.97	-0.0817881
6.975	-0.0815573
6.98	-0.0813272
6.985	-0.0810976
6.99	-0.0808685
6.995	-0.08064
7	-0.0804121
7.005	-0.0801847
7.01	-0.0799579
7.015	-0.0797317
7.02	-0.079506
7.025	-0.0792808
7.03	-0.0790562
7.035	-0.0788322
7.04	-0.0786087
7.045	-0.0783857
7.05	-0.0781633
7.055	-0.0779415
7.06	-0.0777202
7.065	-0.0774994
7.07	-0.0772792
7.075	-0.0770595
7.08	-0.0768404
7.085	-0.0766218
7.09	-0.0764038
7.095	-0.0761863
7.1	-0.0759693
7.105	-0.0757529
7.11	-0.075537
7.115	-0.0753217
7.12	-0.0751069
7.125	-0.0748926
7.13	-0.0746789
7.135	-0.0744657
7.14	-0.074253
7.145	-0.0740409
7.15	-0.0738293
7.155	-0.0736182
7.16	-0.0734077
7.165	-0.0731977
7.17	-0.0729882
7.175	-0.0727793
7.18	-0.0725708
7.185	-0.0723629
7.19	-0.0721555
7.195	-0.0719487
7.2	-0.0717424
7.205	-0.0715365
7.21	-0.0713312
7.215	-0.0711265
7.22	-0.0709222
7.225	-0.0707185
7.23	-0.0705153
7.235	-0.0703126
7.24	-0.0701104
7.245	-0.0699087
7.25	-0.0697076
7.255	-0.0695069
7.26	-0.0693068
7.265	-0.0691071
7.27	-0.068908
7.275	-0.0687094
7.28	-0.0685113
7.285	-0.0683137
7.29	-0.0681166
7.295	-0.0679201
7.3	-0.067724
7.305	-0.0675284
7.31	-0.0673333
7.315	-0.0671388
7.32	-0.0669447
7.325	-0.0667511
7.33	-0.0665581
7.335	-0.0663655
7.34	-0.0661734
7.345	-0.0659818
7.35	-0.0657907
7.355	-0.0656001
7.36	-0.06541
7.365	-0.0652204
7.37	-0.0650313
7.375	-0.0648427
7.38	-0.0646546
7.385	-0.0644669
7.39	-0.0642797
7.395	-0.0640931
7.4	-0.0639069
7.405	-0.0637212
7.41	-0.0635359
7.415	-0.0633512
7.42	-0.0631669
7.425	-0.0629832
7.43	-0.0627999
7.435	-0.062617
7.44	-0.0624347
7.445	-0.0622528
7.45	-0.0620714
7.455	-0.0618905
7.46	-0.0617101
7.465	-0.0615301
7.47	-0.0613506
7.475	-0.0611716
7.48	-0.0609931
7.485	-0.060815
7.49	-0.0606374
7.495	-0.0604602
7.5	-0.0602835
7.505	-0.0601073
7.51	-0.0599316
7.515	-0.0597563
7.52	-0.0595815
7.525	-0.0594071
7.53	-0.0592332
7.535	-0.0590598
7.54	-0.0588868
7.545	-0.0587142
7.55	-0.0585422
7.555	-0.0583706
7.56	-0.0581994
7.565	-0.0580287
7.57	-0.0578585
7.575	-0.0576887
7.58	-0.0575193
7.585	-0.0573504
7.59	-0.057182
7.595	-0.057014
7.6	-0.0568465
7.605	-0.0566794
7.61	-0.0565127
7.615	-0.0563465
7.62	-0.0561807
7.625	-0.0560154
7.63	-0.0558505
7.635	-0.0556861
7.64	-0.0555221
7.645	-0.0553586
7.65	-0.0551954
7.655	-0.0550327
7.66	-0.0548705
7.665	-0.0547087
7.67	-0.0545473
7.675	-0.0543864
7.68	-0.0542259
7.685	-0.0540658
7.69	-0.0539062
7.695	-0.0537469
7.7	-0.0535882
7.705	-0.0534298
7.71	-0.0532719
7.715	-0.0531144
7.72	-0.0529573
7.725	-0.0528006
7.73	-0.0526444
7.735	-0.0524886
7.74	-0.0523332
7.745	-0.0521783
7.75	-0.0520237
7.755	-0.0518696
7.76	-0.0517159
7.765	-0.0515626
7.77	-0.0514097
7.775	-0.0512573
7.78	-0.0511052
7.785	-0.0509536
7.79	-0.0508024
7.795	-0.0506516
7.8	-0.0505012
7.805	-0.0503512
7.81	-0.0502016
7.815	-0.0500525
7.82	-0.0499037
7.825	-0.0497553
7.83	-0.0496074
7.835	-0.0494598
7.84	-0.0493127
7.845	-0.049166
7.85	-0.0490196
7.855	-0.0488737
7.86	-0.0487282
7.865	-0.048583
7.87	-0.0484383
7.875	-0.0482939
7.88	-0.04815
7.885	-0.0480065
7.89	-0.0478633
7.895	-0.0477205
7.9	-0.0475782
7.905	-0.0474362
7.91	-0.0472946
7.915	-0.0471534
7.92	-0.0470126
7.925	-0.0468722
7.93	-0.0467321
7.935	-0.0465925
7.94	-0.0464532
7.945	-0.0463144
7.95	-0.0461759
7.955	-0.0460378
7.96	-0.0459
7.965	-0.0457627
7.97	-0.0456257
7.975	-0.0454892
7.98	-0.0453529
7.985	-0.0452171
7.99	-0.0450817
7.995	-0.0449466
8	-0.0448119
8.005	-0.0446776
8.01	-0.0445436
8.015	-0.04441
8.02	-0.0442768
8.025	-0.044144
8.03	-0.0440115
8.035	-0.0438794
8.04	-0.0437477
8.045	-0.0436163
8.05	-0.0434853
8.055	-0.0433547
8.06	-0.0432244
8.065	-0.0430945
8.07	-0.0429649
8.075	-0.0428358
8.08	-0.0427069
8.085	-0.0425785
8.09	-0.0424504
8.095	-0.0423226
8.1	-0.0421953
8.105	-0.0420682
8.11	-0.0419416
8.115	-0.0418152
8.12	-0.0416893
8.125	-0.0415637
8.13	-0.0414384
8.135	-0.0413135
8.14	-0.0411889
8.145	-0.0410647
8.15	-0.0409409
8.155	-0.0408174
8.16	-0.0406942
8.165	-0.0405714
8.17	-0.0404489
8.175	-0.0403268
8.18	-0.040205
8.185	-0.0400836
8.19	-0.0399625
8.195	-0.0398418
8.2	-0.0397214
8.205	-0.0396013
8.21	-0.0394816
8.215	-0.0393622
8.22	-0.0392431
8.225	-0.0391244
8.23	-0.039006
8.235	-0.038888
8.24	-0.0387702
8.245	-0.0386529
8.25	-0.0385358
8.255	-0.0384191
8.26	-0.0383027
8.265	-0.0381867
8.27	-0.0380709
8.275	-0.0379555
8.28	-0.0378405
8.285	-0.0377257
8.29	-0.0376113
8.295	-0.0374972
8.3	-0.0373835
8.305	-0.03727
8.31	-0.0371569
8.315	-0.0370441
8.32	-0.0369316
8.325	-0.0368195
8.33	-0.0367076
8.335	-0.0365961
8.34	-0.0364849
8.345	-0.036374
8.35	-0.0362635
8.355	-0.0361532
8.36	-0.0360433
8.365	-0.0359337
8.37	-0.0358244
8.375	-0.0357154
8.38	-0.0356067
8.385	-0.0354983
8.39	-0.0353902
8.395	-0.0352825
8.4	-0.035175
8.405	-0.0350679
8.41	-0.0349611
8.415	-0.0348546
8.42	-0.0347483
8.425	-0.0346424
8.43	-0.0345368
8.435	-0.0344315
8.44	-0.0343265
8.445	-0.0342218
8.45	-0.0341174
8.455	-0.0340133
8.46	-0.0339095
8.465	-0.033806
8.47	-0.0337028
8.475	-0.0335999
8.48	-0.0334973
8.485	-0.033395
8.49	-0.0332929
8.495	-0.0331912
8.5	-0.0330898
8.505	-0.0329886
8.51	-0.0328878
8.515	-0.0327872
8.52	-0.032687
8.525	-0.032587
8.53	-0.0324873
8.535	-0.0323879
8.54	-0.0322888
8.545	-0.03219
8.55	-0.0320914
8.555	-0.0319932
8.56	-0.0318952
8.565	-0.0317975
8.57	-0.0317001
8.575	-0.031603
8.58	-0.0315061
8.585	-0.0314096
8.59	-0.0313133
8.595	-0.0312173
8.6	-0.0311216
8.605	-0.0310261
8.61	-0.030931
8.615	-0.0308361
8.62	-0.0307414
8.625	-0.0306471
8.63	-0.030553
8.635	-0.0304592
8.64	-0.0303657
8.645	-0.0302725
8.65	-0.0301795
8.655	-0.0300868
8.66	-0.0299944
8.665	-0.0299022
8.67	-0.0298103
8.675	-0.0297187
8.68	-0.0296273
8.685	-0.0295362
8.69	-0.0294454
8.695	-0.0293548
8.7	-0.0292645
8.705	-0.0291745
8.71	-0.0290847
8.715	-0.0289952
8.72	-0.0289059
8.725	-0.0288169
8.73	-0.0287282
8.735	-0.0286397
8.74	-0.0285515
8.745	-0.0284636
8.75	-0.0283759
8.755	-0.0282884
8.76	-0.0282012
8.765	-0.0281143
8.77	-0.0280276
8.775	-0.0279412
8.78	-0.0278551
8.785	-0.0277691
8.79	-0.0276835
8.795	-0.0275981
8.8	-0.0275129
8.805	-0.027428
8.81	-0.0273434
8.815	-0.0272589
8.82	-0.0271748
8.825	-0.0270909
8.83	-0.0270072
8.835	-0.0269238
8.84	-0.0268406
8.845	-0.0267577
8.85	-0.026675
8.855	-0.0265925
8.86	-0.0265103
8.865	-0.0264284
8.87	-0.0263467
8.875	-0.0262652
8.88	-0.0261839
8.885	-0.0261029
8.89	-0.0260222
8.895	-0.0259417
8.9	-0.0258614
8.905	-0.0257813
8.91	-0.0257015
8.915	-0.025622
8.92	-0.0255426
8.925	-0.0254635
8.93	-0.0253846
8.935	-0.025306
8.94	-0.0252276
8.945	-0.0251494
8.95	-0.0250715
8.955	-0.0249938
8.96	-0.0249163
8.965	-0.0248391
8.97	-0.024762
8.975	-0.0246852
8.98	-0.0246087
8.985	-0.0245323
8.99	-0.0244562
8.995	-0.0243803
9	-0.0243047
9.005	-0.0242292
9.01	-0.024154
9.015	-0.024079
9.02	-0.0240043
9.025	-0.0239297
9.03	-0.0238554
9.035	-0.0237813
9.04	-0.0237074
9.045	-0.0236337
9.05	-0.0235603
9.055	-0.0234871
9.06	-0.0234141
9.065	-0.0233413
9.07	-0.0232687
9.075	-0.0231963
9.08	-0.0231242
9.085	-0.0230523
9.09	-0.0229806
9.095	-0.0229091
9.1	-0.0228378
9.105	-0.0227667
9.11	-0.0226958
9.115	-0.0226252
9.12	-0.0225548
9.125	-0.0224845
9.13	-0.0224145
9.135	-0.0223447
9.14	-0.0222751
9.145	-0.0222057
9.15	-0.0221365
9.155	-0.0220675
9.16	-0.0219988
9.165	-0.0219302
9.17	-0.0218618
9.175	-0.0217937
9.18	-0.0217257
9.185	-0.021658
9.19	-0.0215904
9.195	-0.0215231
9.2	-0.0214559
9.205	-0.021389
9.21	-0.0213222
9.215	-0.0212557
9.22	-0.0211893
9.225	-0.0211232
9.23	-0.0210572
9.235	-0.0209915
9.24	-0.0209259
9.245	-0.0208606
9.25	-0.0207954
9.255	-0.0207305
9.26	-0.0206657
9.265	-0.0206011
9.27	-0.0205367
9.275	-0.0204726
9.28	-0.0204086
9.285	-0.0203448
9.29	-0.0202812
9.295	-0.0202177
9.3	-0.0201545
9.305	-0.0200915
9.31	-0.0200286
9.315	-0.019966
9.32	-0.0199035
9.325	-0.0198412
9.33	-0.0197791
9.335	-0.0197172
9.34	-0.0196555
9.345	-0.019594
9.35	-0.0195326
9.355	-0.0194714
9.36	-0.0194105
9.365	-0.0193497
9.37	-0.0192891
9.375	-0.0192286
9.38	-0.0191684
9.385	-0.0191083
9.39	-0.0190484
9.395	-0.0189887
9.4	-0.0189292
9.405	-0.0188699
9.41	-0.0188107
9.415	-0.0187517
9.42	-0.0186929
9.425	-0.0186343
9.43	-0.0185758
9.435	-0.0185175
9.44	-0.0184594
9.445	-0.0184015
9.45	-0.0183438
9.455	-0.0182862
9.46	-0.0182288
9.465	-0.0181716
9.47	-0.0181145
9.475	-0.0180576
9.48	-0.0180009
9.485	-0.0179444
9.49	-0.017888
9.495	-0.0178318
9.5	-0.0177758
9.505	-0.01772
9.51	-0.0176643
9.515	-0.0176088
9.52	-0.0175534
9.525	-0.0174983
9.53	-0.0174432
9.535	-0.0173884
9.54	-0.0173337
9.545	-0.0172792
9.55	-0.0172249
9.555	-0.0171707
9.56	-0.0171167
9.565	-0.0170628
9.57	-0.0170091
9.575	-0.0169556
9.58	-0.0169022
9.585	-0.016849
9.59	-0.016796
9.595	-0.0167431
9.6	-0.0166904
9.605	-0.0166379
9.61	-0.0165855
9.615	-0.0165332
9.62	-0.0164812
9.625	-0.0164292
9.63	-0.0163775
9.635	-0.0163259
9.64	-0.0162744
9.645	-0.0162231
9.65	-0.016172
9.655	-0.016121
9.66	-0.0160702
9.665	-0.0160196
9.67	-0.015969
9.675	-0.0159187
9.68	-0.0158685
9.685	-0.0158184
9.69	-0.0157685
9.695	-0.0157188
9.7	-0.0156692
9.705	-0.0156198
9.71	-0.0155705
9.715	-0.0155213
9.72	-0.0154723
9.725	-0.0154235
9.73	-0.0153748
9.735	-0.0153263
9.74	-0.0152779
9.745	-0.0152296
9.75	-0.0151815
9.755	-0.0151336
9.76	-0.0150858
9.765	-0.0150381
9.77	-0.0149906
9.775	-0.0149433
9.78	-0.014896
9.785	-0.014849
9.79	-0.014802
9.795	-0.0147552
9.8	-0.0147086
9.805	-0.0146621
9.81	-0.0146157
9.815	-0.0145695
9.82	-0.0145234
9.825	-0.0144775
9.83	-0.0144317
9.835	-0.0143861
9.84	-0.0143406
9.845	-0.0142952
9.85	-0.01425
9.855	-0.0142049
9.86	-0.0141599
9.865	-0.0141151
9.87	-0.0140704
9.875	-0.0140259
9.88	-0.0139815
9.885	-0.0139372
9.89	-0.0138931
9.895	-0.0138491
9.9	-0.0138052
9.905	-0.0137615
9.91	-0.0137179
9.915	-0.0136744
9.92	-0.0136311
9.925	-0.0135879
9.93	-0.0135448
9.935	-0.0135019
9.94	-0.0134591
9.945	-0.0134165
9.95	-0.0133739
9.955	-0.0133315
9.96	-0.0132893
9.965	-0.0132471
9.97	-0.0132051
9.975	-0.0131632
9.98	-0.0131215
9.985	-0.0130799
9.99	-0.0130384
9.995	-0.012997
10	-0.0129558
10.005	-0.0129146
10.01	-0.0128737
10.015	-0.0128328
10.02	-0.0127921
10.025	-0.0127515
10.03	-0.012711
10.035	-0.0126706
10.04	-0.0126304
10.045	-0.0125903
10.05	-0.0125503
10.055	-0.0125104
10.06	-0.0124707
10.065	-0.0124311
10.07	-0.0123916
10.075	-0.0123522
10.08	-0.012313
10.085	-0.0122739
10.09	-0.0122348
10.095	-0.012196
10.1	-0.0121572
10.105	-0.0121186
10.11	-0.01208
10.115	-0.0120416
10.12	-0.0120033
10.125	-0.0119652
10.13	-0.0119271
10.135	-0.0118892
10.14	-0.0118514
10.145	-0.0118137
10.15	-0.0117761
10.155	-0.0117386
10.16	-0.0117013
10.165	-0.011664
10.17	-0.0116269
10.175	-0.0115899
10.18	-0.011553
10.185	-0.0115163
10.19	-0.0114796
10.195	-0.0114431
10.2	-0.0114066
10.205	-0.0113703
10.21	-0.0113341
10.215	-0.011298
10.22	-0.011262
10.225	-0.0112262
10.23	-0.0111904
10.235	-0.0111547
10.24	-0.0111192
10.245	-0.0110838
10.25	-0.0110485
10.255	-0.0110133
10.26	-0.0109782
10.265	-0.0109432
10.27	-0.0109083
10.275	-0.0108735
10.28	-0.0108389
10.285	-0.0108043
10.29	-0.0107699
10.295	-0.0107355
10.3	-0.0107013
10.305	-0.0106671
10.31	-0.0106331
10.315	-0.0105992
10.32	-0.0105654
10.325	-0.0105317
10.33	-0.0104981
10.335	-0.0104646
10.34	-0.0104312
10.345	-0.0103979
10.35	-0.0103647
10.355	-0.0103317
10.36	-0.0102987
10.365	-0.0102658
10.37	-0.010233
10.375	-0.0102004
10.38	-0.0101678
10.385	-0.0101353
10.39	-0.010103
10.395	-0.0100707
10.4	-0.0100385
10.405	-0.0100065
10.41	-0.0099745
10.415	-0.00994264
10.42	-0.00991088
10.425	-0.00987921
10.43	-0.00984764
10.435	-0.00981618
10.44	-0.00978481
10.445	-0.00975353
10.45	-0.00972236
10.455	-0.00969128
10.46	-0.0096603
10.465	-0.00962942
10.47	-0.00959863
10.475	-0.00956794
10.48	-0.00953735
10.485	-0.00950685
10.49	-0.00947644
10.495	-0.00944613
10.5	-0.00941592
10.505	-0.0093858
10.51	-0.00935578
10.515	-0.00932584
10.52	-0.00929601
10.525	-0.00926626
10.53	-0.00923661
10.535	-0.00920705
10.54	-0.00917759
10.545	-0.00914821
10.55	-0.00911893
10.555	-0.00908974
10.56	-0.00906064
10.565	-0.00903163
10.57	-0.00900271
10.575	-0.00897389
10.58	-0.00894515
10.585	-0.00891651
10.59	-0.00888795
10.595	-0.00885948
10.6	-0.0088311
10.605	-0.00880281
10.61	-0.00877461
10.615	-0.0087465
10.62	-0.00871848
10.625	-0.00869054
10.63	-0.00866269
10.635	-0.00863493
10.64	-0.00860726
10.645	-0.00857967
10.65	-0.00855217
10.655	-0.00852476
10.66	-0.00849743
10.665	-0.00847019
10.67	-0.00844303
10.675	-0.00841596
10.68	-0.00838897
10.685	-0.00836207
10.69	-0.00833525
10.695	-0.00830852
10.7	-0.00828187
10.705	-0.0082553
10.71	-0.00822882
10.715	-0.00820242
10.72	-0.0081761
10.725	-0.00814987
10.73	-0.00812372
10.735	-0.00809765
10.74	-0.00807166
10.745	-0.00804576
10.75	-0.00801993
10.755	-0.00799419
10.76	-0.00796853
10.765	-0.00794295
10.77	-0.00791745
10.775	-0.00789203
10.78	-0.00786669
10.785	-0.00784143
10.79	-0.00781624
10.795	-0.00779114
10.8	-0.00776612
10.805	-0.00774118
10.81	-0.00771631
10.815	-0.00769152
10.82	-0.00766681
10.825	-0.00764218
10.83	-0.00761763
10.835	-0.00759315
10.84	-0.00756875
10.845	-0.00754443
10.85	-0.00752018
10.855	-0.00749601
10.86	-0.00747192
10.865	-0.0074479
10.87	-0.00742396
10.875	-0.00740009
10.88	-0.0073763
10.885	-0.00735259
10.89	-0.00732895
10.895	-0.00730538
10.9	-0.00728189
10.905	-0.00725847
10.91	-0.00723512
10.915	-0.00721185
10.92	-0.00718866
10.925	-0.00716553
10.93	-0.00714248
10.935	-0.0071195
10.94	-0.00709659
10.945	-0.00707376
10.95	-0.007051
10.955	-0.00702831
10.96	-0.00700569
10.965	-0.00698314
10.97	-0.00696066
10.975	-0.00693824
10.98	-0.0069159
10.985	-0.00689362
10.99	-0.0068714
10.995	-0.00684923
11	-0.00682711
11.005	-0.00680501
11.01	-0.00678291
11.015	-0.0067608
11.02	-0.0067387
11.025	-0.0067166
11.03	-0.0066945
11.035	-0.0066724
11.04	-0.00665029
11.045	-0.00662819
11.05	-0.00660609
11.055	-0.00658399
11.06	-0.00656189
11.065	-0.00653978
11.07	-0.00651768
11.075	-0.00649558
11.08	-0.00647348
11.085	-0.00645137
11.09	-0.00642927
11.095	-0.00640717
11.1	-0.00638507
11.105	-0.00636297
11.11	-0.00634086
11.115	-0.00631876
11.12	-0.00629666
11.125	-0.00627456
11.13	-0.00625245
11.135	-0.00623035
11.14	-0.00620825
11.145	-0.00618615
11.15	-0.00616405
11.155	-0.00614194
11.16	-0.00611984
11.165	-0.00609774
11.17	-0.00607564
11.175	-0.00605353
11.18	-0.00603143
11.185	-0.00600933
11.19	-0.00598723
11.195	-0.00596513
11.2	-0.00594302
11.205	-0.00592092
11.21	-0.00589882
11.215	-0.00587672
11.22	-0.00585462
11.225	-0.00583251
11.23	-0.00581041
11.235	-0.00578831
11.24	-0.00576621
11.245	-0.0057441
11.25	-0.005722
11.255	-0.0056999
11.26	-0.0056778
11.265	-0.0056557
11.27	-0.00563359
11.275	-0.00561149
11.28	-0.00558939
11.285	-0.00556729
11.29	-0.00554518
11.295	-0.00552308
11.3	-0.00550098
11.305	-0.00547888
11.31	-0.00545678
11.315	-0.00543467
11.32	-0.00541257
11.325	-0.00539047
11.33	-0.00536837
11.335	-0.00534627
11.34	-0.00532416
11.345	-0.00530206
11.35	-0.00527996
11.355	-0.00525786
11.36	-0.00523575
11.365	-0.00521365
11.37	-0.00519155
11.375	-0.00516945
11.38	-0.00514735
11.385	-0.00512524
11.39	-0.00510314
11.395	-0.00508104
11.4	-0.00505894
11.405	-0.00503683
11.41	-0.00501473
11.415	-0.00499263
11.42	-0.00497053
11.425	-0.00494843
11.43	-0.00492632
11.435	-0.00490422
11.44	-0.00488212
11.445	-0.00486002
11.45	-0.00483791
11.455	-0.00481581
11.46	-0.00479371
11.465	-0.00477161
11.47	-0.00474951
11.475	-0.0047274
11.48	-0.0047053
11.485	-0.0046832
11.49	-0.0046611
11.495	-0.004639
11.5	-0.00461689
11.505	-0.00459479
11.51	-0.00457269
11.515	-0.00455059
11.52	-0.00452848
11.525	-0.00450638
11.53	-0.00448428
11.535	-0.00446218
11.54	-0.00444008
11.545	-0.00441797
11.55	-0.00439587
11.555	-0.00437377
11.56	-0.00435167
11.565	-0.00432956
11.57	-0.00430746
11.575	-0.00428536
11.58	-0.00426326
11.585	-0.00424116
11.59	-0.00421905
11.595	-0.00419695
11.6	-0.00417485
11.605	-0.00415275
11.61	-0.00413065
11.615	-0.00410854
11.62	-0.00408644
11.625	-0.00406434
11.63	-0.00404224
11.635	-0.00402013
11.64	-0.00399803
11.645	-0.00397593
11.65	-0.00395383
11.655	-0.00393173
11.66	-0.00390962
11.665	-0.00388752
11.67	-0.00386542
11.675	-0.00384332
11.68	-0.00382121
11.685	-0.00379911
11.69	-0.00377701
11.695	-0.00375491
11.7	-0.00373281
11.705	-0.0037107
11.71	-0.0036886
11.715	-0.0036665
11.72	-0.0036444
11.725	-0.00362229
11.73	-0.00360019
11.735	-0.00357809
11.74	-0.00355599
11.745	-0.00353389
11.75	-0.00351178
11.755	-0.00348968
11.76	-0.00346758
11.765	-0.00344548
11.77	-0.00342338
11.775	-0.00340127
11.78	-0.00337917
11.785	-0.00335707
11.79	-0.00333497
11.795	-0.00331286
11.8	-0.00329076
11.805	-0.00326866
11.81	-0.00324656
11.815	-0.00322446
11.82	-0.00320235
11.825	-0.00318025
11.83	-0.00315815
11.835	-0.00313605
11.84	-0.00311394
11.845	-0.00309184
11.85	-0.00306974
11.855	-0.00304764
11.86	-0.00302554
11.865	-0.00300343
11.87	-0.00298133
11.875	-0.00295923
11.88	-0.00293713
11.885	-0.00291503
11.89	-0.00289292
11.895	-0.00287082
11.9	-0.00284872
11.905	-0.00282662
11.91	-0.00280451
11.915	-0.00278241
11.92	-0.00276031
11.925	-0.00273821
11.93	-0.00271611
11.935	-0.002694
11.94	-0.0026719
11.945	-0.0026498
11.95	-0.0026277
11.955	-0.00260559
11.96	-0.00258349
11.965	-0.00256139
11.97	-0.00253929
11.975	-0.00251719
11.98	-0.00249508
11.985	-0.00247298
11.99	-0.00245088
11.995	-0.00242878
12	-0.00240667
12.005	-0.00238457
12.01	-0.00236247
12.015	-0.00234037
12.02	-0.00231827
12.025	-0.00229616
12.03	-0.00227406
12.035	-0.00225196
12.04	-0.00222986
12.045	-0.00220776
12.05	-0.00218565
12.055	-0.00216355
12.06	-0.00214145
12.065	-0.00211935
12.07	-0.00209724
12.075	-0.00207514
12.08	-0.00205304
12.085	-0.00203094
12.09	-0.00200884
12.095	-0.00198673
12.1	-0.00196463
12.105	-0.00194253
12.11	-0.00192043
12.115	-0.00189832
12.12	-0.00187622
12.125	-0.00185412
12.13	-0.00183202
12.135	-0.00180992
12.14	-0.00178781
12.145	-0.00176571
12.15	-0.00174361
12.155	-0.00172151
12.16	-0.00169941
12.165	-0.0016773
12.17	-0.0016552
12.175	-0.0016331
12.18	-0.001611
12.185	-0.00158889
12.19	-0.00156679
12.195	-0.00154469
12.2	-0.00152259
12.205	-0.00150049
12.21	-0.00147838
12.215	-0.00145628
12.22	-0.00143418
12.225	-0.00141208
12.23	-0.00138997
12.235	-0.00136787
12.24	-0.00134577
12.245	-0.00132367
12.25	-0.00130157
12.255	-0.00127946
12.26	-0.00125736
12.265	-0.00123526
12.27	-0.00121316
12.275	-0.00119105
12.28	-0.00116895
12.285	-0.00114685
12.29	-0.00112475
12.295	-0.00110265
12.3	-0.00108054
12.305	-0.00105844
12.31	-0.00103634
12.315	-0.00101424
12.32	-0.000992135
12.325	-0.000970033
12.33	-0.000947931
12.335	-0.000925829
12.34	-0.000903726
12.345	-0.000881624
12.35	-0.000859522
12.355	-0.00083742
12.36	-0.000815318
12.365	-0.000793216
12.37	-0.000771113
12.375	-0.000749011
12.38	-0.000726909
12.385	-0.000704807
12.39	-0.000682705
12.395	-0.000660602
12.4	-0.0006385
12.405	-0.000616398
12.41	-0.000594296
12.415	-0.000572194
12.42	-0.000550092
12.425	-0.000527989
12.43	-0.000505887
12.435	-0.000483785
12.44	-0.000461683
12.445	-0.000439581
12.45	-0.000417478
12.455	-0.000395376
12.46	-0.000373274
12.465	-0.000351172
12.47	-0.00032907
12.475	-0.000306968
12.48	-0.000284865
12.485	-0.000262763
12.49	-0.000240661
12.495	-0.000218559
12.5	-0.000196457
12.505	-0.000174354
12.51	-0.000152252
12.515	-0.00013015
12.52	-0.000108048
12.525	-8.59457e-05
12.53	-6.38436e-05
12.535	-4.17414e-05
12.54	-1.96392e-05
12.545	2.46298e-06
12.55	2.45652e-05
12.555	4.66673e-05
12.56	6.87695e-05
12.565	9.08717e-05
12.57	0.000112974
12.575	0.000135076
12.58	0.000157178
12.585	0.00017928
12.59	0.000201383
12.595	0.000223485
12.6	0.000245587
12.605	0.000267689
12.61	0.000289791
12.615	0.000311894
12.62	0.000333996
12.625	0.000356098
12.63	0.0003782
12.635	0.000400302
12.64	0.000422404
12.645	0.000444507
12.65	0.000466609
12.655	0.000488711
12.66	0.000510813
12.665	0.000532915
12.67	0.000555018
12.675	0.00057712
12.68	0.000599222
12.685	0.000621324
12.69	0.000643426
12.695	0.000665528
12.7	0.000687631
12.705	0.000709733
12.71	0.000731835
12.715	0.000753937
12.72	0.000776039
12.725	0.000798142
12.73	0.000820244
12.735	0.000842346
12.74	0.000864448
12.745	0.00088655
12.75	0.000908652
12.755	0.000930755
12.76	0.000952857
12.765	0.000974959
12.77	0.000997061
12.775	0.00101916
12.78	0.00104127
12.785	0.00106337
12.79	0.00108547
12.795	0.00110757
12.8	0.00112967
12.805	0.00115178
12.81	0.00117388
12.815	0.00119598
12.82	0.00121808
12.825	0.00124019
12.83	0.00126229
12.835	0.00128439
12.84	0.00130649
12.845	0.00132859
12.85	0.0013507
12.855	0.0013728
12.86	0.0013949
12.865	0.001417
12.87	0.0014391
12.875	0.00146121
12.88	0.00148331
12.885	0.00150541
12.89	0.00152751
12.895	0.00154962
12.9	0.00157172
12.905	0.00159382
12.91	0.00161592
12.915	0.00163802
12.92	0.00166013
12.925	0.00168223
12.93	0.00170433
12.935	0.00172643
12.94	0.00174854
12.945	0.00177064
12.95	0.00179274
12.955	0.00181484
12.96	0.00183694
12.965	0.00185905
12.97	0.00188115
12.975	0.00190325
12.98	0.00192535
12.985	0.00194746
12.99	0.00196956
12.995	0.00199166
13	0.00201376
13.005	0.00203586
13.01	0.00205797
13.015	0.00208007
13.02	0.00210217
13.025	0.00212427
13.03	0.00214637
13.035	0.00216848
13.04	0.00219058
13.045	0.00221268
13.05	0.00223478
13.055	0.00225689
13.06	0.00227899
13.065	0.00230109
13.07	0.00232319
13.075	0.00234529
13.08	0.0023674
13.085	0.0023895
13.09	0.0024116
13.095	0.0024337
13.1	0.00245581
13.105	0.00247791
13.11	0.00250001
13.115	0.00252211
13.12	0.00254421
13.125	0.00256632
13.13	0.00258842
13.135	0.00261052
13.14	0.00263262
13.145	0.00265472
13.15	0.00267683
13.155	0.00269893
13.16	0.00272103
13.165	0.00274313
13.17	0.00276524
13.175	0.00278734
13.18	0.00280944
13.185	0.00283154
13.19	0.00285364
13.195	0.00287575
13.2	0.00289785
13.205	0.00291995
13.21	0.00294205
13.215	0.00296416
13.22	0.00298626
13.225	0.00300836
13.23	0.00303046
13.235	0.00305256
13.24	0.00307467
13.245	0.00309677
13.25	0.00311887
13.255	0.00314097
13.26	0.00316308
13.265	0.00318518
13.27	0.00320728
13.275	0.00322938
13.28	0.00325148
13.285	0.00327359
13.29	0.00329569
13.295	0.00331779
13.3	0.00333989
13.305	0.00336199
13.31	0.0033841
13.315	0.0034062
13.32	0.0034283
13.325	0.0034504
13.33	0.00347251
13.335	0.00349461
13.34	0.00351671
13.345	0.00353881
13.35	0.00356091
13.355	0.00358302
13.36	0.00360512
13.365	0.00362722
13.37	0.00364932
13.375	0.00367143
13.38	0.00369353
13.385	0.00371563
13.39	0.00373773
13.395	0.00375983
13.4	0.00378194
13.405	0.00380404
13.41	0.00382614
13.415	0.00384824
13.42	0.00387034
13.425	0.00389245
13.43	0.00391455
13.435	0.00393665
13.44	0.00395875
13.445	0.00398086
13.45	0.00400296
13.455	0.00402506
13.46	0.00404716
13.465	0.00406926
13.47	0.00409137
13.475	0.00411347
13.48	0.00413557
13.485	0.00415767
13.49	0.00417978
13.495	0.00420188
13.5	0.00422398
13.505	0.00424608
13.51	0.00426818
13.515	0.00429029
13.52	0.00431239
13.525	0.00433449
13.53	0.00435659
13.535	0.0043787
13.54	0.0044008
13.545	0.0044229
13.55	0.004445
13.555	0.0044671
13.56	0.00448921
13.565	0.00451131
13.57	0.00453341
13.575	0.00455551
13.58	0.00457761
13.585	0.00459972
13.59	0.00462182
13.595	0.00464392
13.6	0.00466602
13.605	0.00468813
13.61	0.00471023
13.615	0.00473233
13.62	0.00475443
13.625	0.00477653
13.63	0.00479864
13.635	0.00482074
13.64	0.00484284
13.645	0.00486494
13.65	0.00488705
13.655	0.00490915
13.66	0.00493125
13.665	0.00495335
13.67	0.00497545
13.675	0.00499756
13.68	0.00501966
13.685	0.00504176
13.69	0.00506386
13.695	0.00508596
13.7	0.00510807
13.705	0.00513017
13.71	0.00515227
13.715	0.00517437
13.72	0.00519648
13.725	0.00521858
13.73	0.00524068
13.735	0.00526278
13.74	0.00528488
13.745	0.00530699
13.75	0.00532909
13.755	0.00535119
13.76	0.00537329
13.765	0.0053954
13.77	0.0054175
13.775	0.0054396
13.78	0.0054617
13.785	0.0054838
13.79	0.00550591
13.795	0.00552801
13.8	0.00555011
13.805	0.00557221
13.81	0.00559432
13.815	0.00561642
13.82	0.00563852
13.825	0.00566062
13.83	0.00568272
13.835	0.00570483
13.84	0.00572693
13.845	0.00574903
13.85	0.00577113
13.855	0.00579323
13.86	0.00581534
13.865	0.00583744
13.87	0.00585954
13.875	0.00588164
13.88	0.00590375
13.885	0.00592585
13.89	0.00594795
13.895	0.00597005
13.9	0.00599215
13.905	0.00601426
13.91	0.00603636
13.915	0.00605846
13.92	0.00608056
13.925	0.00610267
13.93	0.00612477
13.935	0.00614687
13.94	0.00616897
13.945	0.00619107
13.95	0.00621318
13.955	0.00623528
13.96	0.00625738
13.965	0.00627948
13.97	0.00630158
13.975	0.00632369
13.98	0.00634579
13.985	0.00636789
13.99	0.00638999
13.995	0.0064121
